function p=abbIRB4_params

% Use the result from Lab. Assignment 1
L1=0.29;
L2=0.27;
L3=0.07;
L4=0.302;
L5=0.072;
L6=0.1;
L7=0.31;
L8=0.172;
al=1.343;
L11=L1/2;
L21=L2/2;
L51=0.155;
L41=L8/2;
% Parameters
p=[L1,L2,L7,L8,al];

end


