scan=[ % x y intensity
  0.00000  3.88281 -230.00000
  0.03405  3.90220 -228.00000
  0.06756  3.87050 -230.00000
  0.10154  3.87758 -230.00000
  0.13728  3.93120 -226.00000
  0.17260  3.95327 -228.00000
  0.20628  3.93600 -228.00000
  0.24205  3.95745 -228.00000
  0.27739  3.96688 -228.00000
  0.31200  3.96430 -228.00000
  0.34794  3.97700 -228.00000
  0.38376  3.98547 -228.00000
  0.42220  4.01694 -226.00000
  0.45370  3.98205 -228.00000
  0.49605  4.03997 -228.00000
  0.52771  4.00838 -227.00000
  0.56593  4.02683 -226.00000
  0.60336  4.03719 -226.00000
  0.64224  4.05492 -224.00000
  0.67953  4.06072 -226.00000
  0.71766  4.07003 -226.00000
  0.76169  4.10970 -224.00000
  0.79454  4.08756 -224.00000
  0.83641  4.11109 -224.00000
  0.87307  4.10746 -224.00000
  0.91395  4.12256 -224.00000
  0.95165  4.12204 -224.00000
  0.99397  4.14017 -224.00000
  1.03573  4.15408 -224.00000
  1.07194  4.14488 -224.00000
  1.11110  4.14669 -224.00000
  1.15351  4.15942 -224.00000
  1.19838  4.17924 -224.00000
  1.24590  4.20607 -222.00000
  1.27570  4.17263 -222.00000
  1.33673  4.23957 -220.00000
  1.38454  4.26118 -220.00000
  1.41672  4.23412 -220.00000
  1.46633  4.25853 -218.00000
  1.51126  4.26766 -218.00000
  1.56047  4.28735 -220.00000
  1.59919  4.27723 -218.00000
  1.63785  4.26675 -218.00000
  1.70652  4.33226 -216.00000
  1.74719  4.32444 -218.00000
  1.79981  4.34512 -215.00000
  1.85445  4.36880 -214.00000
  1.90185  4.37395 -214.00000
  1.95901  4.40001 -214.00000
  1.99895  4.38630 -215.00000
  2.05036  4.39701 -214.00000
  2.11220  4.42831 -214.00000
  2.16959  4.44833 -212.00000
  2.21356  4.43971 -212.00000
  2.28414  4.48288 -210.00000
  2.33580  4.48703 -210.00000
  2.40054  4.51476 -210.00000
  2.44171  4.49707 -210.00000
  2.50737  4.52342 -210.00000
  2.56406  4.53197 -206.00000
  2.62500  4.54663 -206.00000
  2.71414  4.60770 -204.00000
  2.75425  4.58384 -204.00000
  2.80843  4.58294 -204.00000
  2.89593  4.63445 -204.00000
  2.95935  4.64524 -204.00000
  3.02104  4.65200 -204.00000
  3.10680  4.69387 -198.00000
  3.15638  4.67953 -198.00000
  3.24577  4.72263 -199.00000
  3.30255  4.71652 -196.00000
  3.36626  4.71933 -198.00000
  3.46242  4.76562 -194.00000
  3.53408  4.77604 -204.00000
  3.55212  4.71382 -166.00000
  3.63354  4.73533 -156.00000
  3.70599  4.74346 -152.00000
  7.45559  9.37296 -146.00000
  7.48301  9.24075 -148.00000
  7.52361  9.12687 -150.00000
  7.55778  9.00701 -148.00000
  7.57267  8.86645 -146.00000
  7.61900  8.76465 -146.00000
  0.00000  0.00000 -60.00000
  4.45913  4.95236 -140.00000
  4.53384  4.94782 -150.00000
  7.75773  8.31915 -172.00000
  7.76281  8.18030 -174.00000
  7.79320  8.07009 -176.00000
  7.81404  7.95163 -176.00000
  7.84999  7.84999 -174.00000
  7.87640  7.74012 -176.00000
  7.91274  7.64124 -176.00000
  5.49981  5.21913 -152.00000
  6.29078  5.86625 -166.00000
  6.32446  5.79530 -164.00000
  6.36318  5.72943 -164.00000
  6.37197  5.63745 -164.00000
  6.40619  5.56881 -164.00000
  6.32087  5.39854 -151.00000
  6.49941  5.45365 -135.00000
  6.67033  5.49860 -135.00000
  6.85163  5.54834 -134.00000
  7.01290  5.57831 -112.00000
  8.21871  6.42116 -160.00000
  6.48938  4.97948 -154.00000
  6.52323  4.91561 -94.00000
  8.30547  6.14573 -160.00000
  8.31771  6.04317 -160.00000
  8.30970  5.92725 -163.00000
  8.67469  6.07408 -166.00000
  8.93662  6.14197 -166.00000
  9.22628  6.22321 -166.00000
  9.50825  6.29338 -166.00000
  9.77903  6.35058 -167.00000
  9.87032  6.28808 -178.00000
  9.97119  6.23069  530.00000
  10.08513  6.18018 -180.00000
  10.10520  6.07182 -192.00000
  10.18136  5.99728 -212.00000
  10.04048  5.79688 -166.00000
  10.04989  5.68595 -167.00000
  10.11621  5.60751 -176.00000
  10.21282  5.54511 -194.00000
  10.24357  5.44660 -218.00000
  10.15212  5.28486 -166.00000
  10.16652  5.18010 -167.00000
  10.53645  5.25328 -174.00000
  10.88032  5.30669 -168.00000
  11.48328  5.47724 -175.00000
  12.05106  5.61950 -170.00000
  12.06054  5.49631 -167.00000
  12.09734  5.38608 -168.00000
  12.12597  5.27252 -168.00000
  12.14994  5.15735 -166.00000
  12.20892  5.05710 -170.00000
  12.21999  4.93720 -167.00000
  12.24808  4.82465 -168.00000
  12.26418  4.70778 -170.00000
  12.33407  4.61152 -168.00000
  12.36283  4.49970 -172.00000
  12.36481  4.37861 -170.00000
  12.38777  4.26545 -168.00000
  12.40600  4.15099 -172.00000
  12.44918  4.04498 -172.00000
  12.48401  3.93619 -172.00000
  12.53656  3.83281 -176.00000
  12.56953  3.72326 -182.00000
  12.57526  3.60590 -194.00000
  12.62883  3.50228 -206.00000
  12.64759  3.38891 -250.00000
  12.69559  3.28330  274.00000
  12.70102  3.16672 -224.00000
  12.72817  3.05576 -204.00000
  12.76958  2.94809 -190.00000
  12.78719  2.83485 -178.00000
  12.78852  2.71828 -174.00000
  12.81175  2.60658 -174.00000
  12.87619  2.50288 -170.00000
  13.05501  2.41960 -174.00000
  13.11025  2.31169 -170.00000
  13.11066  2.19397 -172.00000
  13.12159  2.07826 -174.00000
  12.86880  1.92325 -175.00000
  12.89669  1.81251 -175.00000
  12.76098  1.68001  534.00000
  12.98452  1.59430 -172.00000
  13.09109  1.49154 -182.00000
  13.30950  1.39888 -174.00000
  13.34453  1.28493 -172.00000
  13.37080  1.16979 -168.00000
  13.39608  1.05429 -170.00000
  13.40087  0.93708 -172.00000
  13.46312  0.82344 -172.00000
  13.49710  0.70735 -168.00000
  13.48715  0.58886 -170.00000
  13.53472  0.47264 -170.00000
  13.58909  0.35584 -172.00000
  13.61121  0.23758 -170.00000
  13.63620  0.11900 -170.00000
  13.66797 -0.00000 -170.00000
  13.71823 -0.11972 -170.00000
  13.70885 -0.23929 -170.00000
  13.77262 -0.36065 -168.00000
  13.78066 -0.48123 -170.00000
  13.79545 -0.60232 -170.00000
  13.83258 -0.72493 -169.00000
  13.86472 -0.84800 -167.00000
  13.93862 -0.97468 -168.00000
  13.95295 -1.09812 -167.00000
  13.97786 -1.22290 -167.00000
  14.03664 -1.35157 -172.00000
  14.03208 -1.47483 -170.00000
  14.04585 -1.60032 -170.00000
  14.08950 -1.72997 -167.00000
  14.14745 -1.86255 -170.00000
  14.16548 -1.99083 -167.00000
  14.19006 -2.12072 -169.00000
  14.21731 -2.25180 -167.00000
  14.26261 -2.38674 -168.00000
  14.28356 -2.51858 -166.00000
  14.34938 -2.65950 -167.00000
  14.41381 -2.80176 -170.00000
  14.23570 -2.89629 -161.00000
  14.17550 -3.01310 -166.00000
  14.17917 -3.14345 -162.00000
  14.24255 -3.28815 -152.00000
  14.46020 -3.47159 -160.00000
  14.58097 -3.63544 -154.00000
  14.63189 -3.78406 -152.00000
  14.45870 -3.87420 -150.00000
  12.74552 -3.53465 -135.00000
  14.53157 -4.16686 -150.00000
  14.57331 -4.31681 -151.00000
  14.61353 -4.46781 -150.00000
  14.65967 -4.62218 -150.00000
  14.68193 -4.77045 -150.00000
  14.74717 -4.93434 -150.00000
  11.34253 -3.90555 -118.00000
  14.81346 -5.24572 -148.00000
  14.84421 -5.40285 -150.00000
  14.86601 -5.55817 -148.00000
  14.93729 -5.73389 -150.00000
  14.94483 -5.88693 -150.00000
  14.99068 -6.05663 -150.00000
  15.06357 -6.23953 -148.00000
  9.97094 -4.23241 -141.00000
  15.15298 -6.58871 -148.00000
  15.16985 -6.75405 -148.00000
  15.19564 -6.92505 -150.00000
  15.25854 -7.11517 -148.00000
  15.35100 -7.32205 -150.00000
  15.54282 -7.58074 -150.00000
  15.54249 -7.74920 -148.00000
  15.34898 -7.82070 -148.00000
  15.41181 -8.02288 -150.00000
  8.61564 -4.58102 -146.00000
  8.52727 -4.62993 -150.00000
  15.65433 -8.67733 -143.00000
  15.69360 -8.87901 -146.00000
  15.73054 -9.08203 -146.00000
  15.79878 -9.30619 -146.00000
  15.85760 -9.52820 -143.00000
  16.14021 -9.89073 -132.00000
  16.20898 -10.12850 -134.00000
  16.21552 -10.33042 -135.00000
  16.33114 -10.60557 -132.00000
  16.39107 -10.84901 -131.00000
  8.87653 -5.98730 -144.00000
  8.91408 -6.12648 -136.00000
  0.00000  0.00000 -50.00000
  14.64772 -10.44812 -124.00000
  14.57179 -10.58702 -124.00000
