% index x y ignore ignore intensity
scan=[
  0,   0.000,   2.414,   1.371,   1.571,  -203.000
  1,   0.021,   2.402,   9.289,   1.562,  -203.000
  2,   0.042,   2.398,   8.688,   1.553,  -206.000
  3,   0.063,   2.405,   0.000,   0.000,  -202.000
  4,   0.085,   2.424,   9.371,   1.536,  -202.000
  5,   0.105,   2.400,   9.395,   1.527,  -202.000
  6,   0.125,   2.387,   0.000,   0.000,  -202.000
  7,   0.150,   2.445,   0.000,   0.000,  -199.000
  8,   0.166,   2.377,   0.000,   0.000,  -199.000
  9,   0.191,   2.426,   8.563,   1.492,  -195.000
 10,   0.208,   2.374,   0.000,   0.000,  -199.000
 11,   0.230,   2.384,   0.000,   0.000,  -194.000
 12,   0.256,   2.436,   0.000,   0.000,  -195.000
 13,   0.273,   2.395,   0.000,   0.000,  -198.000
 14,   0.296,   2.408,   8.871,   1.449,  -202.000
 15,   0.327,   2.482,   0.000,   0.000,  -202.000
 16,   0.337,   2.398,   7.387,   1.431,  -201.000
 17,   0.358,   2.395,   0.000,   0.000,  -199.000
 18,   0.379,   2.396,   8.930,   1.414,  -199.000
 19,   0.406,   2.423,   7.953,   1.405,  -199.000
 20,   0.424,   2.404,   0.000,   0.000,  -199.000
 21,   0.443,   2.393,   0.000,   0.000,  -199.000
 22,   0.472,   2.427,   0.000,   0.000,  -198.000
 23,   0.488,   2.400,   7.504,   1.370,  -198.000
 24,   0.508,   2.388,   0.000,   0.000,  -198.000
 25,   0.542,   2.445,   0.000,   0.000,  -195.000
 26,   0.552,   2.390,   0.000,   0.000,  -198.000
 27,   0.576,   2.401,   0.000,   0.000,  -198.000
 28,   0.613,   2.460,   0.000,   0.000,  -198.000
 29,   0.638,   2.466,   0.000,   0.000,  -198.000
 30,   0.649,   2.422,   0.000,   0.000,  -198.000
 31,   0.680,   2.450,   0.000,   0.000,  -195.000
 32,   0.691,   2.411,   0.000,   0.000,  -198.000
 33,   0.712,   2.405,   0.000,   0.000,  -198.000
 34,   0.759,   2.484,   0.000,   0.000,  -198.000
 35,   0.758,   2.403,   0.000,   0.000,  -198.000
 36,   0.800,   2.463,   8.043,   1.257,  -198.000
 37,   0.812,   2.426,   7.465,   1.248,  -198.000
 38,   0.832,   2.416,   0.000,   0.000,  -198.000
 39,   0.850,   2.401,   0.000,   0.000,  -198.000
 40,   0.875,   2.404,   0.000,   0.000,  -198.000
 41,   0.933,   2.495,   7.898,   1.213,  -199.000
 42,   0.939,   2.447,   7.977,   1.204,  -195.000
 43,   0.956,   2.428,   1.133,   1.196,  -204.000
 44,   1.020,   2.524,   1.250,   1.187,  -198.000
 45,   1.039,   2.508,   0.000,   0.000,  -195.000
 46,   1.053,   2.481,   0.000,   0.000,  -198.000
 47,   1.092,   2.511,   2.488,   1.161,  -195.000
 48,   1.131,   2.541,   2.289,   1.152,  -198.000
 49,   1.142,   2.506,   0.000,   0.000,  -198.000
 50,   1.169,   2.507,   0.000,   0.000,  -198.000
 51,   1.189,   2.493,   0.000,   0.000,  -195.000
 52,   1.228,   2.517,   0.000,   0.000,  -199.000
 53,   1.276,   2.559,   0.000,   0.000,  -198.000
 54,   1.268,   2.489,   0.000,   0.000,  -199.000
 55,   1.319,   2.533,   0.000,   0.000,  -202.000
 56,   1.311,   2.466,   0.000,   0.000,  -199.000
 57,   1.348,   2.482,   0.000,   0.000,  -201.000
 58,   1.400,   2.525,   0.000,   0.000,  -199.000
 59,   1.421,   2.512,   0.000,   0.000,  -199.000
 60,   1.451,   2.514,   2.441,   1.047,  -199.000
 61,   1.459,   2.477,   2.531,   1.038,  -199.000
 62,   1.489,   2.478,   0.000,   0.000,  -199.000
 63,   1.521,   2.481,   0.000,   0.000,  -202.000
 64,   1.550,   2.481,   0.000,   0.000,  -202.000
 65,   1.580,   2.481,   0.000,   0.000,  -202.000
 66,   1.628,   2.506,   0.000,   0.000,  -202.000
 67,   1.623,   2.453,   0.000,   0.000,  -206.000
 68,   1.710,   2.536,   0.000,   0.000,  -206.000
 69,   1.690,   2.460,   1.371,   0.969,  -206.000
 70,   1.741,   2.486,   0.000,   0.000,  -195.000
 71,   1.704,   2.388,   0.000,   0.000,  -203.000
 72,   1.692,   2.329,   0.000,   0.000,  -202.000
 73,   1.740,   2.352,   0.000,   0.000,  -202.000
 74,   1.744,   2.315,   0.000,   0.000,  -202.000
 75,   1.707,   2.225,   0.000,   0.000,  -202.000
 76,   1.679,   2.149,   0.000,   0.000,  -199.000
 77,   1.678,   2.109,   0.000,   0.000,  -199.000
 78,   1.743,   2.152,   0.000,   0.000,  -198.000
 79,   1.779,   2.158,   0.000,   0.000,  -195.000
 80,   1.712,   2.041,   0.000,   0.000,  -195.000
 81,   1.730,   2.026,   0.000,   0.000,  -195.000
 82,   1.702,   1.958,   0.000,   0.000,  -195.000
 83,   1.719,   1.943,   0.000,   0.000,  -195.000
 84,   1.712,   1.901,   0.000,   0.000,  -198.000
 85,   1.678,   1.832,   1.164,   0.829,  -198.000
 86,   1.729,   1.854,   0.000,   0.000,  -191.000
 87,   1.694,   1.785,   0.000,   0.000,  -194.000
 88,   1.682,   1.742,   0.000,   0.000,  -194.000
 89,   1.695,   1.725,   0.000,   0.000,  -196.000
 90,   1.757,   1.757,   0.000,   0.000,  -191.000
 91,   1.705,   1.676,   0.000,   0.000,  -191.000
 92,   1.748,   1.688,   0.000,   0.000,  -191.000
 93,   1.692,   1.605,   0.000,   0.000,  -190.000
 94,   1.697,   1.582,   0.000,   0.000,  -190.000
 95,   1.708,   1.565,   0.000,   0.000,  -191.000
 96,   1.692,   1.524,   0.000,   0.000,  -190.000
 97,   1.700,   1.504,   0.000,   0.000,  -187.000
 98,   1.683,   1.463,   0.000,   0.000,  -188.000
 99,   1.705,   1.456,   0.000,   0.000,  -187.000
100,   1.709,   1.434,   2.965,   0.698,  -187.000
101,   1.703,   1.404,   0.000,   0.000,  -186.000
102,   1.679,   1.359,   0.000,   0.000,  -187.000
103,   1.709,   1.359,   0.633,   0.672,  -186.000
104,   1.696,   1.325,   1.387,   0.663,  -188.000
105,   1.686,   1.294,   0.000,   0.000,  -186.000
106,   1.697,   1.279,   0.000,   0.000,  -186.000
107,   1.689,   1.250,   0.000,   0.000,  -186.000
108,   1.675,   1.217,   6.621,   0.628,  -186.000
109,   1.689,   1.205,   0.000,   0.000,  -186.000
110,   1.712,   1.199,   0.000,   0.000,  -183.000
111,   1.709,   1.175,   0.000,   0.000,  -183.000
112,   1.723,   1.162,   0.000,   0.000,  -182.000
113,   1.700,   1.125,   1.180,   0.585,  -183.000
114,   1.720,   1.117,   1.227,   0.576,  -183.000
115,   1.710,   1.089,   0.000,   0.000,  -179.000
116,   1.693,   1.058,   0.000,   0.000,  -183.000
117,   1.695,   1.039,   0.000,   0.000,  -182.000
118,   1.708,   1.026,   1.086,   0.541,  -182.000
119,   1.690,   0.995,   0.000,   0.000,  -182.000
120,   1.722,   0.994,   0.000,   0.000,  -182.000
121,   1.714,   0.969,   0.707,   0.515,  -179.000
122,   1.677,   0.930,   0.590,   0.506,  -182.000
123,   1.689,   0.917,   0.000,   0.000,  -180.000
124,   1.652,   0.878,   0.000,   0.000,  -182.000
125,   1.663,   0.866,   0.000,   0.000,  -179.000
126,   1.636,   0.833,   0.000,   0.000,  -182.000
127,   1.723,   0.859,   0.000,   0.000,  -179.000
128,   1.720,   0.839,   0.000,   0.000,  -179.000
129,   1.699,   0.811,   0.000,   0.000,  -179.000
130,   1.710,   0.797,   0.000,   0.000,  -178.000
131,   1.720,   0.784,   0.000,   0.000,  -179.000
132,   1.716,   0.764,   0.000,   0.000,  -178.000
133,   1.677,   0.729,   0.000,   0.000,  -178.000
134,   1.758,   0.746,   0.000,   0.000,  -178.000
135,   1.649,   0.683,   0.000,   0.000,  -177.000
136,   1.731,   0.699,   0.000,   0.000,  -178.000
137,   1.697,   0.669,   0.000,   0.000,  -179.000
138,   1.740,   0.668,   0.000,   0.000,  -178.000
139,   1.657,   0.620,   0.000,   0.000,  -178.000
140,   1.700,   0.619,   0.000,   0.000,  -178.000
141,   1.683,   0.596,   0.000,   0.000,  -177.000
142,   1.632,   0.562,   0.000,   0.000,  -177.000
143,   1.708,   0.571,   0.000,   0.000,  -178.000
144,   1.635,   0.531,   0.000,   0.000,  -178.000
145,   1.684,   0.531,   0.000,   0.000,  -178.000
146,   1.692,   0.517,   0.000,   0.000,  -178.000
147,   1.652,   0.489,   0.000,   0.000,  -179.000
148,   1.667,   0.478,   0.000,   0.000,  -178.000
149,   1.716,   0.476,   0.000,   0.000,  -178.000
150,   1.739,   0.466,   0.000,   0.000,  -178.000
151,   1.717,   0.444,   0.000,   0.000,  -178.000
152,   1.698,   0.423,   0.000,   0.000,  -178.000
153,   1.660,   0.398,   5.531,   0.236,  -180.000
154,   1.686,   0.389,   5.488,   0.227,  -177.000
155,   1.678,   0.372,   5.293,   0.218,  -179.000
