% index x y ignore ignore intensity
scan=[
  0,   0.000,   7.293,   1.371,   1.571,  -214.000
  1,   0.063,   7.246,   9.289,   1.562,  -211.000
  2,   0.125,   7.182,   8.688,   1.553,  -214.000
  3,   0.192,   7.333,   0.000,   0.000,  -210.000
  4,   0.253,   7.257,   9.371,   1.536,  -210.000
  5,   0.317,   7.251,   9.395,   1.527,  -210.000
  6,   0.380,   7.248,   1.387,   1.518,  -210.000
  7,   0.441,   7.209,   1.387,   1.510,  -206.000
  8,   0.511,   7.314,   0.000,   0.000,  -206.000
  9,   0.578,   7.341,   8.563,   1.492,  -202.000
 10,   0.639,   7.304,   0.000,   0.000,  -203.000
 11,   0.705,   7.318,   0.000,   0.000,  -199.000
 12,   0.767,   7.300,   1.180,   1.466,  -202.000
 13,   0.842,   7.390,   1.148,   1.457,  -199.000
 14,   0.908,   7.398,   8.871,   1.449,  -198.000
 15,   0.972,   7.382,   0.000,   0.000,  -199.000
 16,   1.038,   7.388,   7.387,   1.431,  -199.000
 17,   1.088,   7.282,   0.000,   0.000,  -199.000
 18,   1.165,   7.358,   8.930,   1.414,  -202.000
 19,   1.231,   7.359,   7.953,   1.405,  -199.000
 20,   1.306,   7.409,   0.000,   0.000,  -198.000
 21,   1.363,   7.355,   0.000,   0.000,  -199.000
 22,   0.896,   4.609,   0.000,   0.000,  -170.000
 23,   0.936,   4.601,   1.371,   1.370,  -170.000
 24,   0.978,   4.600,   1.313,   1.361,  -167.000
 25,   1.023,   4.615,   0.000,   0.000,  -170.000
 26,   0.899,   3.894,   0.000,   0.000,  -183.000
 27,   1.134,   4.725,   4.859,   1.335,   282.000
 28,   1.103,   4.423,   4.746,   1.326,  -174.000
 29,   1.136,   4.391,   4.438,   1.318,  -174.000
 30,   1.168,   4.358,   4.430,   1.309,  -174.000
 31,   0.996,   3.591,   0.000,   0.000,  -199.000
 32,   1.035,   3.608,   0.000,   0.000,  -198.000
 33,   1.038,   3.506,   0.000,   0.000,  -198.000
 34,   1.090,   3.564,   0.000,   0.000,  -198.000
 35,   1.108,   3.513,   0.000,   0.000,  -199.000
 36,   1.142,   3.514,   8.043,   1.257,  -198.000
 37,   1.159,   3.464,   7.465,   1.248,  -199.000
 38,   1.187,   3.446,   0.000,   0.000,  -202.000
 39,   1.217,   3.435,   0.000,   0.000,  -204.000
 40,   1.244,   3.417,   0.000,   0.000,  -202.000
 41,   1.272,   3.403,   7.898,   1.213,  -203.000
 42,   1.274,   3.319,   7.977,   1.204,  -195.000
 43,   1.271,   3.227,   1.133,   1.196,  -199.000
 44,   1.288,   3.187,   1.250,   1.187,  -199.000
 45,   1.304,   3.147,   0.000,   0.000,  -198.000
 46,   1.311,   3.089,   0.000,   0.000,  -195.000
 47,   1.316,   3.027,   2.488,   1.161,  -195.000
 48,   1.308,   2.937,   2.289,   1.152,  -208.000
 49,   1.315,   2.886,   0.000,   0.000,  -208.000
 50,   1.334,   2.861,   0.000,   0.000,  -208.000
 51,   1.366,   2.863,   0.000,   0.000,  -208.000
 52,   1.399,   2.868,   0.000,   0.000,  -210.000
 53,   1.466,   2.940,   0.000,   0.000,  -206.000
 54,   1.490,   2.924,   0.000,   0.000,  -208.000
 55,   1.544,   2.966,   0.000,   0.000,  -210.000
 56,   1.550,   2.914,   0.000,   0.000,  -210.000
 57,   1.614,   2.973,   0.000,   0.000,  -211.000
 58,   1.576,   2.843,   0.000,   0.000,  -194.000
 59,   1.625,   2.873,   0.000,   0.000,  -203.000
 60,   1.578,   2.733,   2.441,   1.047,  -195.000
 61,   1.576,   2.676,   2.531,   1.038,  -204.000
 62,   1.624,   2.702,   0.000,   0.000,  -204.000
 63,   1.625,   2.651,   0.000,   0.000,  -203.000
 64,   1.573,   2.518,   0.000,   0.000,  -204.000
 65,   1.599,   2.510,   0.000,   0.000,  -203.000
 66,   1.617,   2.490,   0.000,   0.000,  -204.000
 67,   1.613,   2.437,   0.000,   0.000,  -202.000
 68,   1.603,   2.377,   0.000,   0.000,  -202.000
 69,   1.635,   2.379,   1.371,   0.969,  -199.000
 70,   1.647,   2.352,   0.000,   0.000,  -199.000
 71,   1.626,   2.280,   0.000,   0.000,  -199.000
 72,   1.596,   2.196,   0.000,   0.000,  -199.000
 73,   1.587,   2.145,   0.000,   0.000,  -199.000
 74,   1.601,   2.124,   0.000,   0.000,  -199.000
 75,   1.593,   2.076,   0.000,   0.000,  -199.000
 76,   1.614,   2.065,   0.000,   0.000,  -198.000
 77,   1.649,   2.073,   0.000,   0.000,  -195.000
 78,   1.662,   2.052,   0.000,   0.000,  -195.000
 79,   1.657,   2.010,   0.000,   0.000,  -198.000
 80,   1.682,   2.005,   0.000,   0.000,  -195.000
 81,   1.634,   1.913,   0.000,   0.000,  -194.000
 82,   1.663,   1.913,   0.000,   0.000,  -195.000
 83,   1.651,   1.867,   0.980,   0.846,  -191.000
 84,   1.641,   1.823,   0.000,   0.000,  -191.000
 85,   1.631,   1.780,   1.164,   0.829,  -191.000
 86,   1.614,   1.731,   0.000,   0.000,  -191.000
 87,   1.651,   1.740,   0.000,   0.000,  -191.000
 88,   1.682,   1.742,   0.797,   0.803,  -191.000
 89,   1.654,   1.683,   0.930,   0.794,  -190.000
 90,   1.646,   1.646,   0.000,   0.000,  -190.000
 91,   1.661,   1.632,   0.520,   0.777,  -190.000
 92,   1.604,   1.549,   0.441,   0.768,  -187.000
 93,   1.652,   1.568,   0.000,   0.000,  -186.000
 94,   1.631,   1.521,   0.000,   0.000,  -190.000
 95,   1.630,   1.494,   0.000,   0.000,  -186.000
 96,   1.631,   1.469,   0.465,   0.733,  -187.000
 97,   1.647,   1.457,   0.484,   0.724,  -187.000
 98,   1.618,   1.407,   0.492,   0.716,  -185.000
 99,   1.649,   1.408,   0.641,   0.707,  -190.000
100,   1.661,   1.394,   0.695,   0.698,  -186.000
101,   1.640,   1.352,   0.000,   0.000,  -186.000
102,   1.651,   1.337,   0.000,   0.000,  -186.000
103,   1.645,   1.308,   0.633,   0.672,  -186.000
104,   1.641,   1.282,   0.637,   0.663,  -183.000
105,   1.639,   1.258,   0.742,   0.654,  -183.000
106,   1.657,   1.248,   0.000,   0.000,  -183.000
107,   1.658,   1.227,   0.000,   0.000,  -183.000
108,   1.653,   1.201,   6.621,   0.628,  -183.000
109,   1.650,   1.177,   0.000,   0.000,  -183.000
110,   1.674,   1.172,   0.000,   0.000,  -182.000
111,   1.651,   1.135,   0.000,   0.000,  -183.000
112,   1.665,   1.123,   0.000,   0.000,  -182.000
113,   1.661,   1.100,   1.180,   0.585,  -182.000
114,   1.697,   1.102,   0.836,   0.576,  -179.000
115,   1.677,   1.068,   0.000,   0.000,  -179.000
116,   1.636,   1.023,   0.000,   0.000,  -182.000
117,   1.679,   1.029,   0.000,   0.000,  -182.000
118,   1.667,   1.002,   0.801,   0.541,  -182.000
119,   1.383,   0.815,   0.754,   0.532,  -187.000
120,   1.340,   0.773,   0.000,   0.000,  -176.000
121,   1.391,   0.787,   0.707,   0.515,  -171.000
122,   1.336,   0.740,   0.590,   0.506,  -174.000
123,   1.308,   0.710,   0.000,   0.000,  -174.000
124,   1.307,   0.695,   0.000,   0.000,  -176.000
125,   1.362,   0.709,   0.000,   0.000,  -178.000
126,   1.382,   0.704,   0.000,   0.000,  -174.000
127,   1.367,   0.681,   0.000,   0.000,  -174.000
128,   1.331,   0.649,   0.000,   0.000,  -176.000
129,   1.347,   0.642,   0.000,   0.000,  -174.000
130,   1.342,   0.626,   0.000,   0.000,  -176.000
131,   1.297,   0.591,   0.000,   0.000,  -174.000
132,   1.303,   0.580,   0.000,   0.000,  -176.000
133,   1.376,   0.598,   0.000,   0.000,  -176.000
134,   1.287,   0.546,   0.000,   0.000,  -176.000
135,   1.314,   0.544,   0.000,   0.000,  -171.000
136,   1.311,   0.530,   0.000,   0.000,  -176.000
137,   1.410,   0.555,   0.000,   0.000,  -176.000
138,   1.360,   0.522,   0.000,   0.000,  -174.000
139,   1.387,   0.518,   0.000,   0.000,  -176.000
140,   1.369,   0.498,   0.000,   0.000,  -174.000
141,   1.370,   0.485,   0.000,   0.000,  -176.000
142,   1.333,   0.459,   0.000,   0.000,  -174.000
143,   1.311,   0.439,   0.000,   0.000,  -176.000
144,   1.404,   0.456,   0.000,   0.000,  -174.000
145,   1.289,   0.406,   0.000,   0.000,  -174.000
146,   1.311,   0.401,   0.000,   0.000,  -176.000
147,   1.352,   0.401,   0.000,   0.000,  -176.000
148,   1.401,   0.402,   0.000,   0.000,  -176.000
149,   1.359,   0.377,   0.000,   0.000,  -176.000
150,   1.389,   0.372,   0.000,   0.000,  -176.000
151,   1.392,   0.360,   0.000,   0.000,  -176.000
152,   1.361,   0.339,   0.000,   0.000,  -176.000
153,   1.409,   0.338,   5.531,   0.236,  -178.000
154,   1.401,   0.323,   5.488,   0.227,  -176.000
155,   1.369,   0.304,   5.293,   0.218,  -176.000
