rawSegs=[
1,0,74,75,1.61641034420829,2.40225016331072,0.00115291203957474,0.00159383917809278,-0.00120689177799146,
2,63,237,175,-0.00238212967187184,1.68906692135445,0.00011696573505331,0.000213775231979746,0.000102240147953114,
3,226,264,39,-1.15450871702133,1.3864555389585,0.0175220167206017,0.0165685025459556,0.0167685668524722,
4,252,326,75,0.107436306832798,1.21404785080537,0.0000838448887279825,0.000915257289497569,-0.000266133629962986,
5,316,332,17,0.0291621939821453,1.34146196041077,0.000277068190020876,0.00662221420548003,-0.00134072387036988,
6,320,337,18,0.00530634873556561,1.39947538275066,0.000195479487241099,0.00584388393164794,-0.00105849797700327,
7,328,345,18,-0.614962402549409,4.57170169598205,0.00871003385293576,0.16222854360745,-0.0374873802855697,
8,334,383,50,-1.51296192366988,6.38162757687286,0.000894347760803915,0.000669702034305117,-0.000268104245118812,
9,384,404,21,3.25008565060029,1.32747556505178,0.00102017276879116,0.011029068789596,0.00332179798463441,
10,393,462,70,3.04087352657686,0.685834002494365,0.000108608880321614,0.000556590694424207,0.000232033084774675,
11,450,464,15,3.17679762420805,0.872627161196697,0.00414645608549504,0.00128724347751635,0.00172428005528864,
11,452,471,20,3.17679762420805,0.872627161196697,0.00414645608549504,0.00128724347751635,0.00172428005528864,
13,460,498,39,3.13402390024127,0.893436170968265,0.000509345563336158,0.000143004511654943,-0.0000639243977972805,
13,488,514,27,3.13402390024127,0.893436170968265,0.000509345563336158,0.000143004511654943,-0.0000639243977972805,
13,502,523,22,3.13402390024127,0.893436170968265,0.000509345563336158,0.000143004511654943,-0.0000639243977972805,
13,511,531,21,3.13402390024127,0.893436170968265,0.000509345563336158,0.000143004511654943,-0.0000639243977972805,
13,519,553,35,3.13402390024127,0.893436170968265,0.000509345563336158,0.000143004511654943,-0.0000639243977972805,
11,543,559,17,3.17679762420805,0.872627161196697,0.00414645608549504,0.00128724347751635,0.00172428005528864,
13,547,586,40,3.13402390024127,0.893436170968265,0.000509345563336158,0.000143004511654943,-0.0000639243977972805,
13,574,607,34,3.13402390024127,0.893436170968265,0.000509345563336158,0.000143004511654943,-0.0000639243977972805,
13,595,639,45,3.13402390024127,0.893436170968265,0.000509345563336158,0.000143004511654943,-0.0000639243977972805,
22,627,649,23,2.17796866585335,1.2301593311014,0.539160911554984,0.0111124508959491,0.0727930523142785,
23,638,653,16,3.68351872054105,0.150437988271958,0.0000277625688346255,0.000127138055228768,-0.0000544018161256469,
24,651,719,69,1.55470328189479,2.46012238320626,0.00157284436006168,0.00166602020948542,0.00142454211271464,
];
jointSegs=[
1,1,1,75,1.61641034420829,2.40225016331072,0.0186529065261451,0.0115938398858979,-0.00120689177799146,0,74,0.000421175370411152,2.40477066372895,1.73628554040652,2.48400537165717,
2,2,1,175,-0.00238212967187184,1.68906692135445,0.0176169602216237,0.0102137759397849,0.000102240147953114,63,237,1.69498080135784,2.48058556354026,1.68707229682621,-0.839338480040962,
3,4,1,75,0.107436306832798,1.21404785080537,0.0175838393752983,0.0109152579973027,-0.000266133629962986,252,326,1.32091437256849,-0.925587256910012,1.71021886138687,-4.53521876384948,
4,5,1,17,0.0291621939821453,1.34146196041077,0.0177770626765912,0.0166222149132852,-0.00134072387036988,316,332,1.46008672920335,-4.0470441593432,1.50902287419053,-5.72463645288862,
5,6,1,18,0.00530634873556561,1.39947538275066,0.0176954739738115,0.0158438846394531,-0.00105849797700327,320,337,1.42074825987569,-4.00519749550895,1.43327172627405,-6.36526643928392,
6,7,1,18,-0.614962402549409,4.57170169598205,0.0262100283395061,0.172228544315255,-0.0374873802855697,328,345,1.59354379154064,-5.66813178150307,0.978227288944755,-6.53927634480468,
7,8,1,50,-1.51296192366988,6.38162757687286,0.0183943422473743,0.0106697027421103,-0.000268104245118812,334,383,1.40601701293225,-6.31090822459729,-1.34290192622544,-6.47006780354971,
8,9,1,21,3.25008565060029,1.32747556505178,0.0185201672553615,0.0210290694974012,0.00332179798463441,384,404,-0.868464505803506,-4.28625849616682,-1.05098247115566,-2.61056251095512,
9,10,1,70,3.04087352657686,0.685834002494365,0.017608603366892,0.0105565914022294,0.000232033084774675,393,462,-1.00732521963017,-3.146589666765,-0.762813633117826,-0.727146300408788,
10,13,8,180,3.13402390024127,0.893436170968265,0.0180093400499065,0.0101430052194601,-0.0000639243977972805,460,639,-0.898993021780177,-0.730787967351941,-0.88622192958063,0.956524030037226,
11,23,1,16,3.68351872054105,0.150437988271958,0.017527757055405,0.0101271387630339,-0.0000544018161256469,638,653,-0.761870866551841,0.973792603695308,-1.65088082913826,2.45042876666138,
12,24,1,69,1.55470328189479,2.46012238320626,0.019072838846632,0.0116660209172906,0.00142454211271464,651,719,-1.67623682518971,2.48741906984453,-0.0201827961416704,2.46076581701771,
];
lines=[
1,1,1,75,1.61641034420829,2.40225016331072,0.0186529065261451,0.0115938398858979,-0.00120689177799146,0.00274675121766752,1,
2,1,1,175,-0.00238212967187184,1.68906692135445,0.0176169602216237,0.0102137759397849,0.000102240147953114,0.000330740967033056,2,
4,1,1,75,0.107436306832798,1.21404785080537,0.0175838393752983,0.0109152579973027,-0.000266133629962986,0.000999102178225551,3,
5,1,1,17,0.0291621939821453,1.34146196041077,0.0177770626765912,0.0166222149132852,-0.00134072387036988,0.00689928239550091,4,
6,1,1,18,0.00530634873556561,1.39947538275066,0.0176954739738115,0.0158438846394531,-0.00105849797700327,0.00603936341888904,5,
7,1,1,18,-0.614962402549409,4.57170169598205,0.0262100283395061,0.172228544315255,-0.0374873802855697,0.170938577460386,6,
8,1,1,50,-1.51296192366988,6.38162757687286,0.0183943422473743,0.0106697027421103,-0.000268104245118812,0.00156404979510903,7,
9,1,1,21,3.25008565060029,1.32747556505178,0.0185201672553615,0.0210290694974012,0.00332179798463441,0.0120492415583872,8,
10,1,1,70,3.04087352657686,0.685834002494365,0.017608603366892,0.0105565914022294,0.000232033084774675,0.000665199574745822,9,
13,1,8,180,3.13402390024127,0.893436170968265,0.0180093400499065,0.0101430052194601,-0.0000639243977972805,0.000652350074991101,10,
23,1,1,16,3.68351872054105,0.150437988271958,0.017527757055405,0.0101271387630339,-0.0000544018161256469,0.000154900624063393,11,
24,1,1,69,1.55470328189479,2.46012238320626,0.019072838846632,0.0116660209172906,0.00142454211271464,0.0032388645695471,12,
];
